6 8 -2
8 9 -1
9 11 -2
11 14 -3
14 12 2
UnSafe

31 33 -2
33 36 -3
36 39 -3
39 42 -3
42 42 0
UnSafe

5 6 -1
6 7 -1
7 9 -2
9 11 -2
11 13 -2
13 17 -4
UnSafe

7 9 -2
9 12 -3
12 15 -3
15 17 -2
17 18 -1
18 21 -3
21 27 -6
UnSafe

58 59 -1
59 60 -1
60 59 1
UnSafe

59 60 -1
60 57 3
UnSafe

68 70 -2
70 71 -1
71 70 1
UnSafe

17 18 -1
18 19 -1
19 21 -2
21 23 -2
23 22 1
UnSafe

56 57 -1
57 60 -3
60 58 2
UnSafe

10 11 -1
11 12 -1
12 12 0
UnSafe

87 90 -3
90 93 -3
93 96 -3
96 97 -1
97 98 -1
98 98 0
UnSafe

40 41 -1
41 44 -3
44 44 0
UnSafe

72 75 -3
75 75 0
UnSafe

77 80 -3
80 80 0
UnSafe

43 45 -2
45 48 -3
48 49 -1
49 50 -1
50 54 -4
UnSafe

50 51 -1
51 54 -3
54 58 -4
UnSafe

44 45 -1
45 47 -2
47 51 -4
UnSafe

46 47 -1
47 50 -3
50 54 -4
UnSafe

12 15 -3
15 17 -2
17 21 -4
UnSafe

82 83 -1
83 86 -3
86 92 -6
UnSafe

18 21 -3
21 26 -5
UnSafe

68 71 -3
71 72 -1
72 74 -2
74 76 -2
76 83 -7
UnSafe

7 10 -3
10 17 -7
UnSafe

30 31 -1
31 37 -6
UnSafe

24 21 3
21 22 -1
UnSafe

34 31 3
31 33 -2
UnSafe

4 3 1
3 5 -2
UnSafe

18 17 1
17 20 -3
UnSafe

29 27 2
27 29 -2
UnSafe

61 58 3
58 61 -3
UnSafe

65 62 3
62 63 -1
UnSafe

13 11 2
11 13 -2
UnSafe

25 23 2
23 20 3
20 23 -3
UnSafe

58 55 3
55 52 3
52 54 -2
UnSafe

24 22 2
22 25 -3
UnSafe

25 22 3
22 23 -1
UnSafe

10 8 2
8 8 0
UnSafe

64 63 1
63 66 -3
UnSafe

72 71 1
71 74 -3
UnSafe

89 86 3
86 89 -3
UnSafe

89 87 2
87 88 -1
UnSafe

87 85 2
85 88 -3
UnSafe

77 74 3
74 78 -4
UnSafe

42 39 3
39 42 -3
UnSafe

79 76 3
76 79 -3
UnSafe

58 56 2
56 59 -3
UnSafe

42 40 2
40 41 -1
UnSafe

55 53 2
53 56 -3
UnSafe

46 43 3
43 45 -2
UnSafe

67 67 0
UnSafe

61 61 0
UnSafe

24 24 0
UnSafe

30 30 0
UnSafe

40 40 0
UnSafe

62 62 0
UnSafe

88 88 0
UnSafe

88 88 0
UnSafe

69 69 0
UnSafe

10 10 0
UnSafe

12 12 0
UnSafe

14 14 0
UnSafe

7 7 0
UnSafe

89 89 0
UnSafe

85 85 0
UnSafe

70 70 0
UnSafe

86 86 0
UnSafe

26 26 0
UnSafe

85 85 0
UnSafe

35 35 0
UnSafe

61 61 0
UnSafe

71 71 0
UnSafe

88 88 0
UnSafe

22 22 0
UnSafe

11 11 0
UnSafe

4 8 -4
8 9 -1
9 11 -2
11 12 -1
12 15 -3
Safe

13 17 -4
17 20 -3
20 23 -3
23 26 -3
26 29 -3
29 26 3
UnSafe

64 68 -4
68 70 -2
70 71 -1
71 74 -3
74 74 0
UnSafe

80 84 -4
84 85 -1
85 88 -3
88 90 -2
90 91 -1
91 94 -3
94 98 -4
UnSafe

71 75 -4
75 76 -1
76 78 -2
78 81 -3
81 83 -2
83 86 -3
86 93 -7
UnSafe

34 38 -4
38 41 -3
41 43 -2
43 40 3
UnSafe

2 6 -4
6 5 1
UnSafe

25 29 -4
29 31 -2
31 29 2
UnSafe

64 68 -4
68 69 -1
69 72 -3
72 69 3
UnSafe

19 23 -4
23 25 -2
25 24 1
UnSafe

65 69 -4
69 69 0
UnSafe

84 88 -4
88 91 -3
91 91 0
UnSafe

86 90 -4
90 93 -3
93 93 0
UnSafe

30 34 -4
34 36 -2
36 37 -1
37 40 -3
40 40 0
UnSafe

69 73 -4
73 76 -3
76 78 -2
78 78 0
UnSafe

79 83 -4
83 85 -2
85 89 -4
UnSafe

4 8 -4
8 11 -3
11 12 -1
12 16 -4
UnSafe

19 23 -4
23 26 -3
26 30 -4
UnSafe

23 27 -4
27 28 -1
28 29 -1
29 33 -4
UnSafe

10 14 -4
14 18 -4
UnSafe

26 30 -4
30 32 -2
32 38 -6
UnSafe

61 65 -4
65 72 -7
UnSafe

35 39 -4
39 41 -2
41 46 -5
UnSafe

35 39 -4
39 40 -1
40 41 -1
41 43 -2
43 46 -3
46 53 -7
UnSafe

57 61 -4
61 68 -7
UnSafe

80 86 -6
86 87 -1
87 89 -2
89 91 -2
91 93 -2
Safe

59 64 -5
64 67 -3
67 68 -1
68 71 -3
71 69 2
UnSafe

33 38 -5
38 41 -3
41 43 -2
43 43 0
UnSafe

55 60 -5
60 61 -1
61 64 -3
64 65 -1
65 66 -1
66 67 -1
67 71 -4
UnSafe

41 48 -7
48 50 -2
50 51 -1
51 52 -1
52 57 -5
UnSafe

43 50 -7
50 53 -3
53 56 -3
56 55 1
UnSafe

89 94 -5
94 96 -2
96 99 -3
99 96 3
UnSafe

11 16 -5
16 18 -2
18 21 -3
21 23 -2
23 26 -3
26 23 3
UnSafe

54 61 -7
61 64 -3
64 66 -2
66 67 -1
67 66 1
UnSafe

28 34 -6
34 35 -1
35 37 -2
37 36 1
UnSafe

47 54 -7
54 55 -1
55 58 -3
58 60 -2
60 60 0
UnSafe

77 84 -7
84 87 -3
87 89 -2
89 90 -1
90 90 0
UnSafe

21 26 -5
26 27 -1
27 27 0
UnSafe

50 55 -5
55 58 -3
58 58 0
UnSafe

10 17 -7
17 18 -1
18 20 -2
20 20 0
UnSafe

8 14 -6
14 18 -4
UnSafe

31 38 -7
38 41 -3
41 42 -1
42 46 -4
UnSafe

58 64 -6
64 66 -2
66 70 -4
UnSafe

26 32 -6
32 35 -3
35 38 -3
38 42 -4
UnSafe

61 68 -7
68 72 -4
UnSafe

21 26 -5
26 28 -2
28 30 -2
30 33 -3
33 38 -5
UnSafe

30 36 -6
36 38 -2
38 44 -6
UnSafe

2 7 -5
7 8 -1
8 14 -6
UnSafe

39 44 -5
44 47 -3
47 49 -2
49 52 -3
52 59 -7
UnSafe

64 71 -7
71 73 -2
73 80 -7
UnSafe

76 75 1
75 74 1
74 72 2
72 73 -1
UnSafe

54 52 2
52 49 3
49 47 2
47 44 3
44 42 2
42 41 1
41 41 0
UnSafe

87 84 3
84 82 2
82 81 1
81 78 3
78 76 2
76 72 4
UnSafe

62 59 3
59 58 1
58 57 1
57 54 3
54 52 2
52 49 3
49 43 6
UnSafe

94 92 2
92 89 3
89 86 3
86 89 -3
UnSafe

71 70 1
70 72 -2
UnSafe

50 49 1
49 48 1
48 51 -3
UnSafe

35 34 1
34 31 3
31 34 -3
UnSafe

20 19 1
19 18 1
18 21 -3
UnSafe

95 93 2
93 90 3
90 90 0
UnSafe

50 47 3
47 45 2
45 44 1
44 42 2
42 42 0
UnSafe

59 57 2
57 55 2
55 55 0
UnSafe

54 51 3
51 51 0
UnSafe

93 90 3
90 88 2
88 87 1
87 85 2
85 85 0
UnSafe

20 17 3
17 14 3
14 10 4
UnSafe

90 89 1
89 88 1
88 85 3
85 84 1
84 80 4
UnSafe

43 41 2
41 37 4
UnSafe

97 94 3
94 90 4
UnSafe

15 13 2
13 9 4
UnSafe

88 86 2
86 84 2
84 82 2
82 75 7
UnSafe

64 63 1
63 58 5
UnSafe

12 10 2
10 5 5
UnSafe

65 63 2
63 61 2
61 60 1
60 59 1
59 54 5
UnSafe

44 41 3
41 36 5
UnSafe

80 82 -2
82 81 1
UnSafe

78 81 -3
81 79 2
UnSafe

21 24 -3
24 23 1
UnSafe

72 73 -1
73 70 3
UnSafe

27 30 -3
30 28 2
UnSafe

48 50 -2
50 49 1
UnSafe

93 96 -3
96 99 -3
99 96 3
UnSafe

14 16 -2
16 15 1
UnSafe

77 79 -2
79 77 2
UnSafe

57 59 -2
59 56 3
UnSafe

74 77 -3
77 75 2
UnSafe

20 22 -2
22 20 2
UnSafe

57 59 -2
59 58 1
UnSafe

41 43 -2
43 42 1
UnSafe

96 98 -2
98 97 1
UnSafe

56 58 -2
58 57 1
UnSafe

76 77 -1
77 75 2
UnSafe

82 84 -2
84 80 4
UnSafe

66 67 -1
67 66 1
UnSafe

46 47 -1
47 43 4
UnSafe

58 60 -2
60 59 1
UnSafe

64 65 -1
65 62 3
UnSafe

37 38 -1
38 37 1
UnSafe

43 44 -1
44 39 5
UnSafe

79 80 -1
80 75 5
UnSafe

37 37 0
UnSafe

65 65 0
UnSafe

60 60 0
UnSafe

83 83 0
UnSafe

23 23 0
UnSafe

10 10 0
UnSafe

69 69 0
UnSafe

13 13 0
UnSafe

78 78 0
UnSafe

79 79 0
UnSafe

89 89 0
UnSafe

62 62 0
UnSafe

80 80 0
UnSafe

99 99 0
UnSafe

62 62 0
UnSafe

69 69 0
UnSafe

13 13 0
UnSafe

69 69 0
UnSafe

56 56 0
UnSafe

61 61 0
UnSafe

61 61 0
UnSafe

82 82 0
UnSafe

90 90 0
UnSafe

91 91 0
UnSafe

25 25 0
UnSafe

15 11 4
11 8 3
8 7 1
7 6 1
6 4 2
Safe

34 30 4
30 29 1
29 28 1
28 26 2
26 25 1
25 22 3
22 24 -2
UnSafe

29 25 4
25 24 1
24 21 3
21 20 1
20 17 3
17 14 3
14 14 0
UnSafe

50 46 4
46 44 2
44 41 3
41 40 1
40 36 4
UnSafe

52 48 4
48 46 2
46 43 3
43 38 5
UnSafe

73 69 4
69 71 -2
UnSafe

45 41 4
41 38 3
38 37 1
37 36 1
36 37 -1
UnSafe

85 81 4
81 79 2
79 78 1
78 79 -1
UnSafe

38 34 4
34 33 1
33 31 2
31 32 -1
UnSafe

80 76 4
76 74 2
74 75 -1
UnSafe

48 44 4
44 44 0
UnSafe

46 42 4
42 39 3
39 36 3
36 35 1
35 35 0
UnSafe

61 57 4
57 54 3
54 52 2
52 52 0
UnSafe

63 59 4
59 57 2
57 56 1
56 56 0
UnSafe

31 27 4
27 26 1
26 26 0
UnSafe

42 38 4
38 34 4
UnSafe

37 33 4
33 31 2
31 28 3
28 25 3
25 21 4
UnSafe

57 53 4
53 50 3
50 46 4
UnSafe

24 20 4
20 18 2
18 14 4
UnSafe

73 69 4
69 68 1
68 65 3
65 64 1
64 61 3
61 57 4
UnSafe

74 70 4
70 68 2
68 65 3
65 64 1
64 63 1
63 57 6
UnSafe

89 85 4
85 84 1
84 78 6
UnSafe

54 50 4
50 44 6
UnSafe

31 27 4
27 22 5
UnSafe

35 31 4
31 24 7
UnSafe

65 58 7
58 57 1
57 55 2
55 54 1
Safe

36 31 5
31 30 1
30 29 1
29 27 2
27 26 1
26 29 -3
UnSafe

30 23 7
23 20 3
20 19 1
19 19 0
UnSafe

27 22 5
22 21 1
21 20 1
20 16 4
UnSafe

74 68 6
68 67 1
67 64 3
64 62 2
62 55 7
UnSafe

12 5 7
5 3 2
3 6 -3
UnSafe

54 48 6
48 51 -3
UnSafe

24 18 6
18 19 -1
UnSafe

28 22 6
22 19 3
19 22 -3
UnSafe

61 55 6
55 52 3
52 53 -1
UnSafe

88 82 6
82 80 2
80 80 0
UnSafe

93 87 6
87 86 1
86 86 0
UnSafe

18 11 7
11 8 3
8 8 0
UnSafe

87 80 7
80 79 1
79 78 1
78 77 1
77 77 0
UnSafe

47 41 6
41 40 1
40 40 0
UnSafe

96 89 7
89 85 4
UnSafe

56 51 5
51 50 1
50 46 4
UnSafe

82 76 6
76 74 2
74 70 4
UnSafe

41 36 5
36 33 3
33 31 2
31 27 4
UnSafe

77 72 5
72 70 2
70 66 4
UnSafe

48 41 7
41 40 1
40 34 6
UnSafe

80 74 6
74 69 5
UnSafe

55 50 5
50 44 6
UnSafe

81 74 7
74 71 3
71 69 2
69 66 3
66 59 7
UnSafe

56 51 5
51 48 3
48 43 5
UnSafe

55 58 -3
58 59 -1
59 62 -3
62 65 -3
65 68 -3
68 69 -1
69 68 1
UnSafe

79 82 -3
82 85 -3
85 88 -3
88 90 -2
90 92 -2
92 94 -2
94 94 0
UnSafe

62 63 -1
63 65 -2
65 67 -2
67 70 -3
70 74 -4
UnSafe

51 53 -2
53 56 -3
56 59 -3
59 60 -1
60 67 -7
UnSafe

42 43 -1
43 41 2
UnSafe

46 48 -2
48 49 -1
49 52 -3
52 53 -1
53 54 -1
54 52 2
UnSafe

79 81 -2
81 82 -1
82 79 3
UnSafe

16 18 -2
18 19 -1
19 18 1
UnSafe

32 33 -1
33 35 -2
35 37 -2
37 40 -3
40 39 1
UnSafe

18 19 -1
19 19 0
UnSafe

5 8 -3
8 10 -2
10 10 0
UnSafe

53 55 -2
55 58 -3
58 58 0
UnSafe

83 85 -2
85 88 -3
88 90 -2
90 91 -1
91 94 -3
94 94 0
UnSafe

31 32 -1
32 34 -2
34 35 -1
35 35 0
UnSafe

11 12 -1
12 16 -4
UnSafe

22 25 -3
25 29 -4
UnSafe

57 59 -2
59 61 -2
61 65 -4
UnSafe

39 41 -2
41 42 -1
42 46 -4
UnSafe

37 38 -1
38 42 -4
UnSafe

38 40 -2
40 43 -3
43 46 -3
46 53 -7
UnSafe

59 62 -3
62 68 -6
UnSafe

29 30 -1
30 37 -7
UnSafe

74 75 -1
75 76 -1
76 83 -7
UnSafe

36 39 -3
39 46 -7
UnSafe

38 35 3
35 36 -1
UnSafe

9 7 2
7 10 -3
UnSafe

49 46 3
46 48 -2
UnSafe

53 52 1
52 55 -3
UnSafe

50 48 2
48 51 -3
UnSafe

88 87 1
87 88 -1
UnSafe

82 80 2
80 83 -3
UnSafe

77 75 2
75 74 1
74 75 -1
UnSafe

18 15 3
15 17 -2
UnSafe

70 69 1
69 71 -2
UnSafe

10 7 3
7 9 -2
UnSafe

74 73 1
73 76 -3
UnSafe

44 42 2
42 42 0
UnSafe

80 79 1
79 79 0
UnSafe

62 59 3
59 61 -2
UnSafe

5 4 1
4 8 -4
UnSafe

79 78 1
78 82 -4
UnSafe

72 70 2
70 71 -1
UnSafe

11 9 2
9 12 -3
UnSafe

51 48 3
48 52 -4
UnSafe

65 64 1
64 67 -3
UnSafe

61 58 3
58 61 -3
UnSafe

41 38 3
38 41 -3
UnSafe

61 60 1
60 62 -2
UnSafe

10 9 1
9 15 -6
UnSafe

60 60 0
UnSafe

66 66 0
UnSafe

51 51 0
UnSafe

43 43 0
UnSafe

78 78 0
UnSafe

69 69 0
UnSafe

1 1 0
UnSafe

41 41 0
UnSafe

51 51 0
UnSafe

57 57 0
UnSafe

82 82 0
UnSafe

89 89 0
UnSafe

66 66 0
UnSafe

69 69 0
UnSafe

41 41 0
UnSafe

12 12 0
UnSafe

57 57 0
UnSafe

53 53 0
UnSafe

36 36 0
UnSafe

82 82 0
UnSafe

23 23 0
UnSafe

77 77 0
UnSafe

70 70 0
UnSafe

32 32 0
UnSafe

66 66 0
UnSafe

79 83 -4
83 85 -2
85 87 -2
87 89 -2
89 90 -1
90 91 -1
Safe

80 84 -4
84 85 -1
85 88 -3
88 86 2
UnSafe

90 94 -4
94 97 -3
97 99 -2
99 99 0
UnSafe

71 75 -4
75 76 -1
76 78 -2
78 82 -4
UnSafe

14 18 -4
18 20 -2
20 23 -3
23 25 -2
25 28 -3
28 35 -7
UnSafe

42 46 -4
46 49 -3
49 46 3
UnSafe

72 76 -4
76 77 -1
77 74 3
UnSafe

34 38 -4
38 36 2
UnSafe

71 75 -4
75 74 1
UnSafe

34 38 -4
38 39 -1
39 41 -2
41 40 1
UnSafe

48 52 -4
52 52 0
UnSafe

66 70 -4
70 71 -1
71 74 -3
74 74 0
UnSafe

53 57 -4
57 57 0
UnSafe

52 56 -4
56 58 -2
58 58 0
UnSafe

5 9 -4
9 12 -3
12 12 0
UnSafe

32 36 -4
36 39 -3
39 43 -4
UnSafe

18 22 -4
22 25 -3
25 26 -1
26 28 -2
28 32 -4
UnSafe

21 25 -4
25 26 -1
26 30 -4
UnSafe

47 51 -4
51 54 -3
54 58 -4
UnSafe

70 74 -4
74 75 -1
75 76 -1
76 79 -3
79 83 -4
UnSafe

36 40 -4
40 46 -6
UnSafe

59 63 -4
63 66 -3
66 68 -2
68 74 -6
UnSafe

53 57 -4
57 58 -1
58 59 -1
59 61 -2
61 62 -1
62 69 -7
UnSafe

33 37 -4
37 39 -2
39 45 -6
UnSafe

35 39 -4
39 46 -7
UnSafe

32 39 -7
39 42 -3
42 44 -2
44 47 -3
47 50 -3
Safe

69 74 -5
74 77 -3
77 80 -3
80 83 -3
83 81 2
UnSafe

11 16 -5
16 19 -3
19 22 -3
22 25 -3
25 27 -2
27 27 0
UnSafe

58 63 -5
63 66 -3
66 68 -2
68 70 -2
70 74 -4
UnSafe

37 43 -6
43 46 -3
46 47 -1
47 50 -3
50 52 -2
52 53 -1
53 58 -5
UnSafe

84 89 -5
89 88 1
UnSafe

62 69 -7
69 71 -2
71 74 -3
74 71 3
UnSafe

4 10 -6
10 8 2
UnSafe

60 66 -6
66 65 1
UnSafe

39 46 -7
46 45 1
UnSafe

6 12 -6
12 13 -1
13 13 0
UnSafe

36 42 -6
42 42 0
UnSafe

6 11 -5
11 13 -2
13 13 0
UnSafe

34 41 -7
41 41 0
UnSafe

78 85 -7
85 88 -3
88 88 0
UnSafe

72 78 -6
78 81 -3
81 85 -4
UnSafe

51 57 -6
57 59 -2
59 62 -3
62 66 -4
UnSafe

51 57 -6
57 59 -2
59 61 -2
61 65 -4
UnSafe

19 25 -6
25 29 -4
UnSafe

44 50 -6
50 51 -1
51 55 -4
UnSafe

45 50 -5
50 52 -2
52 59 -7
UnSafe

12 17 -5
17 20 -3
20 23 -3
23 26 -3
26 29 -3
29 34 -5
UnSafe

35 41 -6
41 44 -3
44 46 -2
46 51 -5
UnSafe

28 34 -6
34 35 -1
35 38 -3
38 40 -2
40 42 -2
42 48 -6
UnSafe

31 38 -7
38 44 -6
UnSafe

74 72 2
72 70 2
70 69 1
69 66 3
66 63 3
63 62 1
62 64 -2
UnSafe

78 75 3
75 73 2
73 71 2
71 71 0
UnSafe

66 65 1
65 63 2
63 62 1
62 60 2
60 56 4
UnSafe

54 52 2
52 49 3
49 48 1
48 45 3
45 42 3
42 36 6
UnSafe

65 62 3
62 61 1
61 59 2
59 57 2
57 58 -1
UnSafe

15 12 3
12 10 2
10 7 3
7 5 2
5 6 -1
UnSafe

26 25 1
25 23 2
23 21 2
21 23 -2
UnSafe

31 30 1
30 29 1
29 28 1
28 29 -1
UnSafe

35 33 2
33 31 2
31 34 -3
UnSafe

12 9 3
9 7 2
7 4 3
4 4 0
UnSafe

99 97 2
97 95 2
95 92 3
92 91 1
91 91 0
UnSafe

99 96 3
96 96 0
UnSafe

45 42 3
42 42 0
UnSafe

50 48 2
48 48 0
UnSafe

88 85 3
85 81 4
UnSafe

28 27 1
27 25 2
25 21 4
UnSafe

30 28 2
28 27 1
27 25 2
25 23 2
23 19 4
UnSafe

43 40 3
40 38 2
38 34 4
UnSafe

24 21 3
21 20 1
20 19 1
19 18 1
18 17 1
17 13 4
UnSafe

40 39 1
39 33 6
UnSafe

26 25 1
25 23 2
23 16 7
UnSafe

35 34 1
34 28 6
UnSafe

17 16 1
16 10 6
UnSafe

43 40 3
40 35 5
UnSafe

48 50 -2
50 47 3
UnSafe

30 32 -2
32 31 1
UnSafe

55 56 -1
56 54 2
UnSafe

47 48 -1
48 45 3
UnSafe

35 36 -1
36 33 3
UnSafe

47 48 -1
48 46 2
UnSafe

20 23 -3
23 22 1
UnSafe

64 67 -3
67 70 -3
70 68 2
UnSafe

47 50 -3
50 53 -3
53 52 1
UnSafe

32 34 -2
34 35 -1
35 32 3
UnSafe

44 47 -3
47 45 2
UnSafe

24 27 -3
27 27 0
UnSafe

86 88 -2
88 85 3
UnSafe

12 14 -2
14 14 0
UnSafe

72 75 -3
75 72 3
UnSafe

97 99 -2
99 98 1
UnSafe

41 42 -1
42 39 3
UnSafe

11 14 -3
14 11 3
UnSafe

76 78 -2
78 75 3
UnSafe

14 15 -1
15 12 3
UnSafe

54 57 -3
57 54 3
UnSafe

51 54 -3
54 52 2
UnSafe

15 18 -3
18 15 3
UnSafe

87 90 -3
90 88 2
UnSafe

77 80 -3
80 79 1
UnSafe

23 23 0
UnSafe

81 81 0
UnSafe

28 28 0
UnSafe

35 35 0
UnSafe

97 97 0
UnSafe

3 3 0
UnSafe

72 72 0
UnSafe

44 44 0
UnSafe

44 44 0
UnSafe

90 90 0
UnSafe

42 42 0
UnSafe

61 61 0
UnSafe

96 96 0
UnSafe

91 91 0
UnSafe

88 88 0
UnSafe

99 99 0
UnSafe

58 58 0
UnSafe

17 17 0
UnSafe

51 51 0
UnSafe

92 92 0
UnSafe

94 94 0
UnSafe

15 15 0
UnSafe

70 70 0
UnSafe

55 55 0
UnSafe

84 84 0
UnSafe

55 51 4
51 48 3
48 45 3
45 42 3
42 40 2
40 37 3
Safe

14 10 4
10 9 1
9 7 2
7 4 3
4 1 3
1 4 -3
UnSafe

33 29 4
29 26 3
26 23 3
23 22 1
22 21 1
21 21 0
UnSafe

58 54 4
54 51 3
51 50 1
50 46 4
UnSafe

17 13 4
13 10 3
10 8 2
8 3 5
UnSafe

73 69 4
69 66 3
66 63 3
63 61 2
61 63 -2
UnSafe

35 31 4
31 29 2
29 30 -1
UnSafe

25 21 4
21 18 3
18 19 -1
UnSafe

72 68 4
68 71 -3
UnSafe

78 74 4
74 76 -2
UnSafe

86 82 4
82 80 2
80 79 1
79 76 3
76 76 0
UnSafe

19 15 4
15 14 1
14 14 0
UnSafe

86 82 4
82 80 2
80 80 0
UnSafe

42 38 4
38 36 2
36 36 0
UnSafe

47 43 4
43 43 0
UnSafe

86 82 4
82 80 2
80 76 4
UnSafe

62 58 4
58 56 2
56 52 4
UnSafe

62 58 4
58 56 2
56 54 2
54 50 4
UnSafe

20 16 4
16 15 1
15 14 1
14 10 4
UnSafe

49 45 4
45 41 4
UnSafe

51 47 4
47 46 1
46 45 1
45 39 6
UnSafe

90 86 4
86 85 1
85 79 6
UnSafe

25 21 4
21 19 2
19 17 2
17 10 7
UnSafe

29 25 4
25 22 3
22 15 7
UnSafe

62 58 4
58 57 1
57 54 3
54 49 5
UnSafe

68 63 5
63 61 2
61 59 2
59 56 3
56 55 1
Safe

47 41 6
41 39 2
39 38 1
38 37 1
37 35 2
35 37 -2
UnSafe

45 38 7
38 35 3
35 32 3
32 29 3
29 27 2
27 26 1
26 26 0
UnSafe

84 77 7
77 74 3
74 71 3
71 68 3
68 64 4
UnSafe

43 38 5
38 35 3
35 32 3
32 31 1
31 26 5
UnSafe

25 19 6
19 17 2
17 16 1
16 17 -1
UnSafe

68 61 7
61 59 2
59 58 1
58 56 2
56 58 -2
UnSafe

54 47 7
47 46 1
46 43 3
43 46 -3
UnSafe

40 33 7
33 32 1
32 29 3
29 32 -3
UnSafe

77 70 7
70 69 1
69 72 -3
UnSafe

53 47 6
47 47 0
UnSafe

80 75 5
75 72 3
72 71 1
71 71 0
UnSafe

40 33 7
33 30 3
30 27 3
27 27 0
UnSafe

22 16 6
16 13 3
13 13 0
UnSafe

26 20 6
20 20 0
UnSafe

55 48 7
48 45 3
45 41 4
UnSafe

23 18 5
18 17 1
17 13 4
UnSafe

25 19 6
19 15 4
UnSafe

40 33 7
33 32 1
32 31 1
31 29 2
29 27 2
27 23 4
UnSafe

93 88 5
88 84 4
UnSafe

72 65 7
65 59 6
UnSafe

64 58 6
58 52 6
UnSafe

49 43 6
43 40 3
40 33 7
UnSafe

63 57 6
57 56 1
56 54 2
54 47 7
UnSafe

82 77 5
77 74 3
74 68 6
UnSafe

58 55 3
55 53 2
53 46 7
UnSafe

75 80 -5
80 82 -2
82 84 -2
84 83 1
UnSafe

23 19 4
19 21 -2
UnSafe

77 81 -4
81 85 -4
UnSafe

47 41 6
41 39 2
39 37 2
37 36 1
36 37 -1
UnSafe

84 77 7
77 70 7
UnSafe

82 81 1
81 79 2
79 76 3
76 76 0
UnSafe

84 84 0
UnSafe

76 74 2
74 72 2
72 70 2
70 67 3
67 70 -3
UnSafe

85 86 -1
86 84 2
UnSafe

87 87 0
UnSafe

5 4 1
4 7 -3
UnSafe

7 5 2
5 7 -2
UnSafe

77 77 0
UnSafe

73 69 4
69 66 3
66 63 3
63 60 3
60 59 1
59 56 3
Safe

41 41 0
UnSafe

46 50 -4
50 52 -2
52 54 -2
54 54 0
UnSafe

64 64 0
UnSafe

52 55 -3
55 52 3
UnSafe

39 36 3
36 37 -1
UnSafe

59 55 4
55 54 1
54 52 2
52 48 4
UnSafe

85 82 3
82 81 1
81 82 -1
UnSafe

61 56 5
56 54 2
54 51 3
51 48 3
48 45 3
45 44 1
44 40 4
UnSafe

78 77 1
77 74 3
74 72 2
72 74 -2
UnSafe

8 13 -5
13 17 -4
UnSafe

37 37 0
UnSafe

46 44 2
44 45 -1
UnSafe

74 75 -1
75 79 -4
UnSafe

86 82 4
82 82 0
UnSafe

61 68 -7
68 70 -2
70 72 -2
72 74 -2
74 72 2
UnSafe

9 9 0
UnSafe

39 38 1
38 39 -1
UnSafe

2 9 -7
9 7 2
UnSafe

16 15 1
15 14 1
14 10 4
UnSafe

33 37 -4
37 44 -7
UnSafe

39 35 4
35 31 4
UnSafe

61 61 0
UnSafe

67 60 7
60 58 2
58 55 3
55 54 1
54 52 2
52 51 1
51 50 1
Safe

69 70 -1
70 68 2
UnSafe

42 41 1
41 38 3
38 37 1
37 37 0
UnSafe

64 66 -2
66 70 -4
UnSafe

18 22 -4
22 23 -1
23 25 -2
25 26 -1
26 29 -3
29 36 -7
UnSafe

37 36 1
36 29 7
UnSafe

52 45 7
45 43 2
43 39 4
UnSafe

51 56 -5
56 57 -1
57 63 -6
UnSafe

16 17 -1
17 14 3
UnSafe

20 14 6
14 14 0
UnSafe

25 21 4
21 19 2
19 18 1
18 18 0
UnSafe

40 40 0
UnSafe

40 42 -2
42 47 -5
UnSafe

72 73 -1
73 72 1
UnSafe

95 92 3
92 91 1
91 88 3
88 87 1
87 84 3
84 80 4
UnSafe

76 75 1
75 74 1
74 72 2
72 70 2
70 68 2
68 64 4
UnSafe

49 49 0
UnSafe

50 56 -6
56 59 -3
59 62 -3
62 66 -4
UnSafe

85 85 0
UnSafe

21 22 -1
22 18 4
UnSafe

37 40 -3
40 38 2
UnSafe

18 19 -1
19 16 3
UnSafe

45 46 -1
46 52 -6
UnSafe

2 5 -3
5 5 0
UnSafe

42 38 4
38 37 1
37 40 -3
UnSafe

28 25 3
25 23 2
23 25 -2
UnSafe

53 54 -1
54 52 2
UnSafe

18 22 -4
22 25 -3
25 26 -1
26 27 -1
27 27 0
UnSafe

62 61 1
61 60 1
60 63 -3
UnSafe

30 30 0
UnSafe

97 97 0
UnSafe

32 33 -1
33 31 2
UnSafe

41 43 -2
43 46 -3
46 46 0
UnSafe

25 24 1
24 27 -3
UnSafe

2 4 -2
4 3 1
UnSafe

26 23 3
23 21 2
21 19 2
19 17 2
17 17 0
UnSafe

59 62 -3
62 64 -2
64 67 -3
67 70 -3
70 74 -4
UnSafe

62 62 0
UnSafe

49 46 3
46 45 1
45 40 5
UnSafe

44 38 6
38 36 2
36 37 -1
UnSafe

87 81 6
81 79 2
79 79 0
UnSafe

7 14 -7
14 17 -3
17 19 -2
19 19 0
UnSafe

80 82 -2
82 78 4
UnSafe

5 9 -4
9 11 -2
11 13 -2
13 19 -6
UnSafe

38 40 -2
40 42 -2
42 44 -2
44 50 -6
UnSafe

74 78 -4
78 79 -1
79 81 -2
81 83 -2
83 82 1
UnSafe

91 94 -3
94 93 1
UnSafe

24 28 -4
28 31 -3
31 33 -2
33 36 -3
36 39 -3
39 44 -5
UnSafe

26 24 2
24 21 3
21 16 5
UnSafe

86 82 4
82 81 1
81 75 6
UnSafe

25 25 0
UnSafe

80 79 1
79 83 -4
UnSafe

69 68 1
68 71 -3
UnSafe

18 16 2
16 19 -3
UnSafe

55 58 -3
58 54 4
UnSafe

37 31 6
31 30 1
30 24 6
UnSafe

16 19 -3
19 17 2
UnSafe

58 56 2
56 55 1
55 54 1
54 54 0
UnSafe

73 73 0
UnSafe

21 24 -3
24 21 3
UnSafe

71 76 -5
76 79 -3
79 81 -2
81 81 0
UnSafe

37 39 -2
39 38 1
UnSafe

79 79 0
UnSafe

46 44 2
44 45 -1
UnSafe

53 55 -2
55 56 -1
56 62 -6
UnSafe

20 23 -3
23 20 3
UnSafe

69 69 0
UnSafe

50 50 0
UnSafe

82 85 -3
85 85 0
UnSafe

71 67 4
67 70 -3
UnSafe

52 45 7
45 43 2
43 40 3
40 39 1
39 36 3
36 32 4
UnSafe

86 89 -3
89 91 -2
91 93 -2
93 93 0
UnSafe

71 70 1
70 69 1
69 66 3
66 66 0
UnSafe

13 13 0
UnSafe

26 30 -4
30 34 -4
UnSafe

38 41 -3
41 39 2
UnSafe

27 26 1
26 30 -4
UnSafe

34 36 -2
36 34 2
UnSafe

31 31 0
UnSafe

98 92 6
92 92 0
UnSafe

34 33 1
33 31 2
31 30 1
30 28 2
28 25 3
25 21 4
UnSafe

77 71 6
71 73 -2
UnSafe

61 61 0
UnSafe

64 68 -4
68 70 -2
70 71 -1
71 72 -1
72 75 -3
Safe

29 22 7
22 18 4
UnSafe

43 46 -3
46 49 -3
49 52 -3
52 56 -4
UnSafe

27 20 7
20 19 1
19 17 2
17 20 -3
UnSafe

51 47 4
47 44 3
44 43 1
43 40 3
40 36 4
UnSafe

77 74 3
74 71 3
71 68 3
68 67 1
67 66 1
66 67 -1
UnSafe

46 52 -6
52 55 -3
55 57 -2
57 61 -4
UnSafe

84 80 4
80 75 5
UnSafe

63 63 0
UnSafe

55 62 -7
62 67 -5
UnSafe

82 81 1
81 84 -3
UnSafe

73 77 -4
77 80 -3
80 83 -3
83 84 -1
84 85 -1
85 83 2
UnSafe

47 50 -3
50 47 3
UnSafe

73 73 0
UnSafe

90 90 0
UnSafe

53 48 5
48 45 3
45 42 3
42 39 3
39 36 3
36 37 -1
UnSafe

51 47 4
47 41 6
UnSafe

60 64 -4
64 65 -1
65 67 -2
67 71 -4
UnSafe

25 27 -2
27 29 -2
29 29 0
UnSafe

33 33 0
UnSafe

68 73 -5
73 74 -1
74 75 -1
75 79 -4
UnSafe

20 23 -3
23 20 3
UnSafe

12 15 -3
15 17 -2
17 19 -2
19 21 -2
21 21 0
UnSafe

21 23 -2
23 26 -3
26 29 -3
29 31 -2
31 32 -1
32 32 0
UnSafe

86 86 0
UnSafe

22 19 3
19 16 3
16 18 -2
UnSafe

30 31 -1
31 28 3
UnSafe

98 94 4
94 89 5
UnSafe

6 11 -5
11 13 -2
13 10 3
UnSafe

84 87 -3
87 84 3
UnSafe

39 35 4
35 34 1
34 34 0
UnSafe

54 48 6
48 46 2
46 43 3
43 40 3
40 38 2
38 38 0
UnSafe

9 13 -4
13 11 2
UnSafe

7 8 -1
8 9 -1
9 12 -3
12 14 -2
14 16 -2
16 17 -1
17 23 -6
UnSafe

27 27 0
UnSafe

61 56 5
56 53 3
53 54 -1
UnSafe

21 18 3
18 20 -2
UnSafe

84 88 -4
88 88 0
UnSafe

66 66 0
UnSafe

52 52 0
UnSafe

68 64 4
64 63 1
63 59 4
UnSafe

70 70 0
UnSafe

55 48 7
48 47 1
47 45 2
45 39 6
UnSafe

46 53 -7
53 54 -1
54 55 -1
55 58 -3
58 62 -4
UnSafe

64 64 0
UnSafe

60 66 -6
66 69 -3
69 71 -2
71 74 -3
74 77 -3
77 82 -5
UnSafe

6 11 -5
11 12 -1
12 10 2
UnSafe

9 10 -1
10 7 3
UnSafe

11 9 2
9 12 -3
UnSafe

75 72 3
72 72 0
UnSafe

55 55 0
UnSafe

27 33 -6
33 35 -2
35 36 -1
36 39 -3
39 45 -6
UnSafe

61 61 0
UnSafe

92 91 1
91 92 -1
UnSafe

35 35 0
UnSafe

28 23 5
23 22 1
22 20 2
20 18 2
18 18 0
UnSafe

38 42 -4
42 45 -3
45 48 -3
48 47 1
UnSafe

5 7 -2
7 9 -2
9 11 -2
11 17 -6
UnSafe

48 44 4
44 42 2
42 41 1
41 40 1
40 41 -1
UnSafe

38 38 0
UnSafe

69 65 4
65 65 0
UnSafe

28 25 3
25 26 -1
UnSafe

25 23 2
23 26 -3
UnSafe

57 57 0
UnSafe

42 43 -1
43 45 -2
45 47 -2
47 44 3
UnSafe

48 44 4
44 41 3
41 39 2
39 39 0
UnSafe

71 65 6
65 59 6
UnSafe

11 8 3
8 7 1
7 7 0
UnSafe

59 56 3
56 55 1
55 57 -2
UnSafe

66 65 1
65 70 -5
UnSafe

34 37 -3
37 39 -2
39 42 -3
42 43 -1
43 45 -2
45 46 -1
Safe

67 64 3
64 61 3
61 58 3
58 55 3
55 54 1
54 51 3
51 50 1
Safe

1 3 -2
3 5 -2
5 7 -2
7 9 -2
9 10 -1
Safe

87 90 -3
90 92 -2
92 94 -2
94 97 -3
Safe

48 50 -2
50 51 -1
51 54 -3
54 55 -1
55 58 -3
58 59 -1
Safe

43 45 -2
45 46 -1
46 48 -2
48 50 -2
Safe

35 32 3
32 30 2
30 28 2
28 27 1
Safe

57 55 2
55 54 1
54 53 1
53 52 1
Safe

52 54 -2
54 55 -1
55 57 -2
57 60 -3
60 63 -3
Safe

34 37 -3
37 38 -1
38 39 -1
39 40 -1
40 41 -1
41 44 -3
Safe

75 78 -3
78 81 -3
81 84 -3
84 86 -2
86 88 -2
88 90 -2
90 93 -3
Safe

59 58 1
58 56 2
56 53 3
53 52 1
52 49 3
49 47 2
Safe

23 26 -3
26 27 -1
27 28 -1
28 29 -1
29 30 -1
30 32 -2
Safe

29 30 -1
30 33 -3
33 34 -1
34 37 -3
37 38 -1
38 39 -1
Safe

50 48 2
48 46 2
46 44 2
44 43 1
43 42 1
42 39 3
Safe

13 11 2
11 9 2
9 6 3
6 5 1
Safe

70 72 -2
72 74 -2
74 76 -2
76 79 -3
79 81 -2
Safe

18 21 -3
21 24 -3
24 25 -1
25 26 -1
Safe

21 18 3
18 15 3
15 12 3
12 10 2
10 9 1
Safe

62 60 2
60 57 3
57 56 1
56 55 1
Safe

13 11 2
11 8 3
8 7 1
7 6 1
6 5 1
Safe

40 38 2
38 37 1
37 36 1
36 35 1
Safe

47 50 -3
50 52 -2
52 55 -3
55 57 -2
57 59 -2
59 60 -1
Safe

76 74 2
74 71 3
71 70 1
70 67 3
67 64 3
64 61 3
Safe

39 40 -1
40 43 -3
43 46 -3
46 49 -3
49 52 -3
52 55 -3
55 56 -1
Safe

85 87 -2
87 89 -2
89 90 -1
90 92 -2
Safe

35 33 2
33 32 1
32 30 2
30 27 3
27 25 2
25 24 1
24 23 1
Safe

64 63 1
63 60 3
60 58 2
58 55 3
55 52 3
52 51 1
Safe

82 80 2
80 78 2
78 76 2
76 73 3
73 71 2
Safe

78 80 -2
80 83 -3
83 85 -2
85 87 -2
87 88 -1
88 90 -2
90 91 -1
Safe

40 39 1
39 38 1
38 35 3
35 34 1
34 33 1
Safe

24 22 2
22 21 1
21 19 2
19 18 1
18 17 1
17 16 1
Safe

14 17 -3
17 18 -1
18 21 -3
21 23 -2
Safe

34 35 -1
35 37 -2
37 38 -1
38 40 -2
40 41 -1
41 44 -3
44 47 -3
Safe

97 96 1
96 93 3
93 92 1
92 90 2
90 88 2
Safe

71 74 -3
74 76 -2
76 77 -1
77 80 -3
80 82 -2
Safe

54 57 -3
57 59 -2
59 60 -1
60 63 -3
Safe

32 30 2
30 29 1
29 28 1
28 26 2
Safe

41 38 3
38 36 2
36 33 3
33 32 1
32 30 2
30 28 2
Safe

68 71 -3
71 74 -3
74 76 -2
76 77 -1
77 80 -3
Safe

73 71 2
71 69 2
69 67 2
67 64 3
64 62 2
62 59 3
59 56 3
Safe

82 84 -2
84 85 -1
85 88 -3
88 90 -2
Safe

38 39 -1
39 40 -1
40 42 -2
42 44 -2
44 47 -3
47 49 -2
49 52 -3
Safe

92 89 3
89 86 3
86 84 2
84 81 3
81 80 1
Safe

61 62 -1
62 64 -2
64 67 -3
67 69 -2
Safe

35 32 3
32 30 2
30 28 2
28 26 2
26 24 2
24 23 1
23 22 1
Safe

14 16 -2
16 18 -2
18 19 -1
19 22 -3
22 25 -3
25 28 -3
Safe

67 68 -1
68 69 -1
69 72 -3
72 75 -3
75 76 -1
76 77 -1
77 80 -3
Safe

29 28 1
28 27 1
27 25 2
25 22 3
22 19 3
Safe

14 13 1
13 12 1
12 9 3
9 7 2
7 6 1
Safe

22 24 -2
24 27 -3
27 28 -1
28 30 -2
30 33 -3
Safe

64 65 -1
65 68 -3
68 69 -1
69 70 -1
70 73 -3
73 75 -2
75 77 -2
Safe

66 65 1
65 63 2
63 60 3
60 59 1
59 56 3
Safe

73 74 -1
74 77 -3
77 78 -1
78 81 -3
Safe

12 13 -1
13 16 -3
16 17 -1
17 20 -3
Safe

45 48 -3
48 50 -2
50 51 -1
51 54 -3
54 57 -3
57 60 -3
60 63 -3
Safe

45 43 2
43 41 2
41 38 3
38 35 3
35 33 2
33 30 3
Safe

61 58 3
58 56 2
56 55 1
55 52 3
52 50 2
Safe

61 59 2
59 56 3
56 53 3
53 50 3
50 49 1
49 46 3
Safe

40 42 -2
42 44 -2
44 45 -1
45 48 -3
48 49 -1
49 50 -1
50 52 -2
Safe

75 77 -2
77 80 -3
80 81 -1
81 83 -2
83 85 -2
Safe

14 17 -3
17 18 -1
18 20 -2
20 21 -1
21 23 -2
23 25 -2
Safe

13 12 1
12 9 3
9 8 1
8 7 1
Safe

55 52 3
52 51 1
51 50 1
50 47 3
47 44 3
44 42 2
Safe

64 63 1
63 60 3
60 59 1
59 56 3
56 54 2
54 53 1
53 52 1
Safe

19 18 1
18 17 1
17 16 1
16 13 3
13 12 1
12 10 2
10 7 3
Safe

99 97 2
97 94 3
94 91 3
91 89 2
89 86 3
86 83 3
83 80 3
Safe

85 86 -1
86 87 -1
87 90 -3
90 93 -3
93 94 -1
94 95 -1
95 98 -3
Safe

16 19 -3
19 20 -1
20 23 -3
23 25 -2
25 26 -1
26 27 -1
Safe

14 13 1
13 10 3
10 9 1
9 7 2
Safe

83 82 1
82 79 3
79 77 2
77 76 1
76 74 2
74 71 3
71 69 2
Safe

84 83 1
83 82 1
82 80 2
80 78 2
78 76 2
Safe

20 21 -1
21 24 -3
24 26 -2
26 29 -3
29 30 -1
30 31 -1
Safe

84 83 1
83 80 3
80 78 2
78 77 1
77 76 1
76 75 1
Safe

32 34 -2
34 35 -1
35 36 -1
36 38 -2
Safe

12 13 -1
13 15 -2
15 18 -3
18 19 -1
19 22 -3
22 23 -1
23 25 -2
Safe

56 53 3
53 52 1
52 49 3
49 46 3
46 43 3
43 42 1
42 40 2
Safe

72 71 1
71 69 2
69 67 2
67 64 3
64 61 3
61 58 3
58 56 2
Safe

33 36 -3
36 38 -2
38 39 -1
39 40 -1
40 43 -3
Safe

5 7 -2
7 8 -1
8 10 -2
10 12 -2
12 15 -3
15 17 -2
17 19 -2
Safe

40 42 -2
42 43 -1
43 46 -3
46 49 -3
49 52 -3
52 53 -1
53 55 -2
Safe

35 34 1
34 31 3
31 30 1
30 29 1
29 27 2
27 26 1
26 25 1
Safe

32 33 -1
33 35 -2
35 36 -1
36 37 -1
37 40 -3
40 41 -1
41 43 -2
Safe

56 59 -3
59 60 -1
60 61 -1
61 64 -3
64 65 -1
65 66 -1
Safe

55 58 -3
58 60 -2
60 62 -2
62 64 -2
64 65 -1
65 68 -3
68 71 -3
Safe

24 25 -1
25 27 -2
27 29 -2
29 30 -1
30 31 -1
31 33 -2
33 36 -3
Safe

97 95 2
95 92 3
92 89 3
89 88 1
88 85 3
85 83 2
83 81 2
Safe

27 30 -3
30 32 -2
32 34 -2
34 35 -1
35 36 -1
Safe

17 18 -1
18 21 -3
21 22 -1
22 25 -3
Safe

52 50 2
50 48 2
48 47 1
47 44 3
44 42 2
42 40 2
40 39 1
Safe

5 7 -2
7 10 -3
10 11 -1
11 13 -2
13 16 -3
Safe

65 66 -1
66 68 -2
68 69 -1
69 72 -3
72 73 -1
73 76 -3
76 79 -3
Safe

72 71 1
71 68 3
68 67 1
67 64 3
64 61 3
61 59 2
59 57 2
Safe

57 60 -3
60 61 -1
61 62 -1
62 63 -1
63 65 -2
65 67 -2
Safe

86 85 1
85 84 1
84 82 2
82 80 2
80 79 1
79 76 3
76 74 2
Safe

36 33 3
33 31 2
31 28 3
28 27 1
27 25 2
25 23 2
Safe

21 22 -1
22 23 -1
23 26 -3
26 29 -3
29 31 -2
Safe

35 36 -1
36 39 -3
39 41 -2
41 43 -2
43 44 -1
44 46 -2
Safe

73 70 3
70 67 3
67 64 3
64 63 1
63 61 2
61 58 3
Safe

37 34 3
34 31 3
31 30 1
30 29 1
29 27 2
Safe

69 72 -3
72 75 -3
75 78 -3
78 79 -1
79 81 -2
81 82 -1
82 83 -1
Safe

38 37 1
37 35 2
35 33 2
33 32 1
32 29 3
29 26 3
26 23 3
Safe

60 59 1
59 58 1
58 55 3
55 54 1
54 53 1
Safe

54 53 1
53 50 3
50 49 1
49 48 1
48 46 2
46 45 1
Safe

86 87 -1
87 90 -3
90 93 -3
93 94 -1
94 96 -2
96 98 -2
Safe

99 98 1
98 97 1
97 94 3
94 93 1
93 91 2
Safe

47 46 1
46 44 2
44 43 1
43 40 3
Safe

38 40 -2
40 42 -2
42 44 -2
44 47 -3
47 49 -2
Safe

86 88 -2
88 90 -2
90 93 -3
93 96 -3
Safe

34 31 3
31 30 1
30 29 1
29 26 3
Safe

43 46 -3
46 47 -1
47 50 -3
50 51 -1
51 54 -3
Safe

56 58 -2
58 61 -3
61 64 -3
64 66 -2
66 68 -2
68 70 -2
70 72 -2
Safe

62 65 -3
65 67 -2
67 69 -2
69 72 -3
72 75 -3
75 78 -3
Safe

13 16 -3
16 19 -3
19 22 -3
22 23 -1
23 24 -1
24 26 -2
Safe

78 80 -2
80 81 -1
81 82 -1
82 85 -3
85 87 -2
87 89 -2
Safe

36 34 2
34 32 2
32 30 2
30 29 1
29 27 2
27 25 2
25 22 3
Safe

36 35 1
35 34 1
34 31 3
31 30 1
30 28 2
28 25 3
25 24 1
Safe

77 76 1
76 75 1
75 73 2
73 70 3
70 68 2
68 67 1
Safe

20 17 3
17 15 2
15 12 3
12 10 2
10 9 1
9 6 3
6 4 2
Safe

67 70 -3
70 73 -3
73 75 -2
75 77 -2
Safe

52 55 -3
55 57 -2
57 58 -1
58 60 -2
60 63 -3
63 66 -3
Safe

27 28 -1
28 31 -3
31 34 -3
34 35 -1
Safe

17 18 -1
18 21 -3
21 23 -2
23 26 -3
26 29 -3
29 30 -1
30 33 -3
Safe

40 39 1
39 36 3
36 33 3
33 32 1
32 29 3
29 26 3
Safe

11 8 3
8 7 1
7 5 2
5 2 3
Safe

4 6 -2
6 8 -2
8 11 -3
11 14 -3
14 15 -1
Safe

94 92 2
92 89 3
89 87 2
87 84 3
84 83 1
83 80 3
Safe

72 73 -1
73 75 -2
75 76 -1
76 79 -3
79 81 -2
81 82 -1
82 84 -2
Safe

26 29 -3
29 32 -3
32 34 -2
34 37 -3
37 38 -1
Safe

19 16 3
16 13 3
13 11 2
11 10 1
10 9 1
9 8 1
Safe

79 82 -3
82 85 -3
85 87 -2
87 89 -2
Safe

22 25 -3
25 28 -3
28 30 -2
30 31 -1
31 33 -2
33 34 -1
34 37 -3
Safe

89 86 3
86 83 3
83 82 1
82 81 1
Safe

53 54 -1
54 57 -3
57 58 -1
58 61 -3
61 63 -2
Safe

88 85 3
85 84 1
84 83 1
83 82 1
82 79 3
79 77 2
Safe

33 36 -3
36 38 -2
38 39 -1
39 42 -3
42 44 -2
Safe

37 39 -2
39 40 -1
40 41 -1
41 44 -3
Safe

13 11 2
11 9 2
9 6 3
6 3 3
Safe

25 26 -1
26 29 -3
29 30 -1
30 32 -2
32 34 -2
34 36 -2
Safe

32 34 -2
34 36 -2
36 39 -3
39 40 -1
40 43 -3
43 44 -1
44 45 -1
Safe

26 24 2
24 21 3
21 19 2
19 18 1
Safe

62 60 2
60 58 2
58 56 2
56 53 3
53 51 2
51 49 2
49 48 1
Safe

37 35 2
35 33 2
33 30 3
30 27 3
27 25 2
25 22 3
22 21 1
Safe

11 12 -1
12 15 -3
15 18 -3
18 19 -1
19 20 -1
Safe

87 85 2
85 82 3
82 80 2
80 78 2
78 76 2
76 75 1
Safe

52 54 -2
54 55 -1
55 56 -1
56 59 -3
Safe

83 82 1
82 80 2
80 77 3
77 76 1
76 74 2
74 73 1
Safe

81 79 2
79 77 2
77 74 3
74 72 2
72 71 1
71 68 3
68 67 1
Safe

80 81 -1
81 83 -2
83 84 -1
84 87 -3
Safe

11 13 -2
13 16 -3
16 18 -2
18 21 -3
21 24 -3
24 25 -1
Safe

42 40 2
40 39 1
39 37 2
37 35 2
35 34 1
Safe

19 18 1
18 16 2
16 14 2
14 13 1
13 12 1
12 9 3
Safe

89 87 2
87 85 2
85 84 1
84 81 3
Safe

91 90 1
90 88 2
88 86 2
86 83 3
Safe

85 82 3
82 80 2
80 77 3
77 76 1
76 74 2
74 71 3
71 70 1
Safe

52 54 -2
54 57 -3
57 59 -2
59 62 -3
Safe

2 4 -2
4 7 -3
7 8 -1
8 10 -2
Safe

61 64 -3
64 66 -2
66 67 -1
67 68 -1
68 71 -3
71 73 -2
Safe

29 30 -1
30 33 -3
33 36 -3
36 38 -2
38 39 -1
39 41 -2
Safe

58 57 1
57 54 3
54 52 2
52 51 1
51 49 2
Safe

83 84 -1
84 85 -1
85 87 -2
87 89 -2
89 91 -2
Safe

23 22 1
22 19 3
19 16 3
16 14 2
14 13 1
13 11 2
Safe

41 42 -1
42 44 -2
44 45 -1
45 48 -3
48 51 -3
51 52 -1
52 53 -1
Safe

32 30 2
30 28 2
28 26 2
26 23 3
23 20 3
20 17 3
Safe

72 73 -1
73 75 -2
75 76 -1
76 77 -1
Safe

78 75 3
75 74 1
74 71 3
71 68 3
68 65 3
Safe

87 88 -1
88 89 -1
89 91 -2
91 93 -2
93 95 -2
Safe

81 84 -3
84 85 -1
85 86 -1
86 89 -3
89 91 -2
Safe

26 25 1
25 24 1
24 22 2
22 19 3
19 18 1
18 16 2
Safe

44 42 2
42 40 2
40 39 1
39 36 3
36 34 2
Safe

63 65 -2
65 67 -2
67 69 -2
69 72 -3
72 73 -1
Safe

48 51 -3
51 53 -2
53 56 -3
56 58 -2
58 61 -3
61 64 -3
Safe

95 93 2
93 90 3
90 87 3
87 84 3
84 82 2
82 79 3
79 77 2
Safe

45 46 -1
46 49 -3
49 52 -3
52 54 -2
54 55 -1
Safe

36 33 3
33 30 3
30 28 2
28 27 1
27 24 3
Safe

4 6 -2
6 7 -1
7 9 -2
9 12 -3
12 15 -3
Safe

20 19 1
19 17 2
17 14 3
14 13 1
13 10 3
10 9 1
9 7 2
Safe

6 8 -2
8 11 -3
11 12 -1
12 14 -2
Safe

52 53 -1
53 55 -2
55 57 -2
57 58 -1
58 61 -3
61 64 -3
64 67 -3
Safe

58 55 3
55 54 1
54 52 2
52 50 2
50 49 1
Safe

89 88 1
88 85 3
85 83 2
83 82 1
Safe

15 12 3
12 11 1
11 10 1
10 9 1
Safe

30 29 1
29 27 2
27 25 2
25 22 3
22 20 2
20 19 1
19 16 3
Safe

63 65 -2
65 66 -1
66 67 -1
67 70 -3
Safe

62 60 2
60 57 3
57 55 2
55 54 1
54 51 3
51 49 2
Safe

49 48 1
48 47 1
47 45 2
45 44 1
44 42 2
42 40 2
Safe

91 88 3
88 86 2
86 83 3
83 80 3
80 77 3
77 75 2
Safe

54 57 -3
57 59 -2
59 60 -1
60 63 -3
63 65 -2
Safe

89 92 -3
92 94 -2
94 95 -1
95 97 -2
Safe

6 9 -3
9 11 -2
11 12 -1
12 15 -3
15 16 -1
Safe

91 89 2
89 87 2
87 86 1
86 84 2
84 83 1
83 82 1
Safe

41 42 -1
42 43 -1
43 44 -1
44 46 -2
46 47 -1
47 48 -1
48 49 -1
Safe

40 37 3
37 34 3
34 33 1
33 30 3
30 29 1
Safe

36 39 -3
39 40 -1
40 43 -3
43 44 -1
44 46 -2
Safe

53 55 -2
55 58 -3
58 59 -1
59 60 -1
60 63 -3
63 66 -3
Safe

69 70 -1
70 73 -3
73 74 -1
74 76 -2
76 77 -1
Safe

59 60 -1
60 61 -1
61 63 -2
63 64 -1
64 66 -2
66 69 -3
69 70 -1
Safe

12 13 -1
13 15 -2
15 16 -1
16 19 -3
19 22 -3
22 23 -1
Safe

94 93 1
93 92 1
92 90 2
90 89 1
89 88 1
88 87 1
87 86 1
Safe

1 4 -3
4 7 -3
7 10 -3
10 13 -3
13 15 -2
15 18 -3
Safe

44 42 2
42 40 2
40 38 2
38 35 3
35 34 1
34 31 3
31 28 3
Safe

99 98 1
98 96 2
96 94 2
94 93 1
Safe

7 9 -2
9 10 -1
10 13 -3
13 16 -3
16 19 -3
19 20 -1
20 22 -2
Safe

80 79 1
79 76 3
76 75 1
75 74 1
Safe

79 81 -2
81 83 -2
83 84 -1
84 87 -3
87 88 -1
Safe

76 73 3
73 72 1
72 70 2
70 68 2
68 67 1
67 64 3
Safe

81 84 -3
84 85 -1
85 86 -1
86 87 -1
87 89 -2
89 92 -3
92 93 -1
Safe

53 55 -2
55 56 -1
56 58 -2
58 59 -1
59 62 -3
62 64 -2
64 65 -1
Safe

75 74 1
74 72 2
72 71 1
71 70 1
70 68 2
Safe

33 30 3
30 28 2
28 25 3
25 22 3
22 20 2
20 17 3
Safe

36 33 3
33 30 3
30 27 3
27 24 3
24 22 2
Safe

76 77 -1
77 78 -1
78 80 -2
80 81 -1
81 84 -3
84 87 -3
Safe

72 69 3
69 68 1
68 66 2
66 64 2
64 62 2
Safe

33 35 -2
35 38 -3
38 39 -1
39 42 -3
Safe

53 56 -3
56 59 -3
59 60 -1
60 62 -2
62 63 -1
63 65 -2
Safe

46 47 -1
47 48 -1
48 51 -3
51 53 -2
Safe

16 17 -1
17 19 -2
19 20 -1
20 23 -3
23 25 -2
25 28 -3
Safe

74 76 -2
76 79 -3
79 82 -3
82 84 -2
Safe

29 26 3
26 23 3
23 20 3
20 18 2
18 16 2
16 14 2
14 12 2
Safe

66 69 -3
69 72 -3
72 74 -2
74 75 -1
75 76 -1
Safe

32 34 -2
34 36 -2
36 38 -2
38 41 -3
41 44 -3
Safe

46 44 2
44 41 3
41 39 2
39 38 1
Safe

59 60 -1
60 61 -1
61 62 -1
62 64 -2
64 67 -3
67 68 -1
68 71 -3
Safe

38 40 -2
40 42 -2
42 43 -1
43 46 -3
Safe

45 43 2
43 42 1
42 39 3
39 38 1
38 35 3
35 32 3
32 30 2
Safe

56 59 -3
59 61 -2
61 64 -3
64 66 -2
66 69 -3
69 70 -1
70 71 -1
Safe

2 5 -3
5 7 -2
7 10 -3
10 11 -1
Safe

64 63 1
63 62 1
62 61 1
61 58 3
58 57 1
Safe

46 44 2
44 41 3
41 39 2
39 38 1
38 37 1
37 35 2
35 32 3
Safe

32 31 1
31 29 2
29 26 3
26 23 3
23 21 2
Safe

97 96 1
96 94 2
94 91 3
91 89 2
89 88 1
88 85 3
Safe

54 52 2
52 50 2
50 47 3
47 44 3
44 43 1
43 41 2
41 39 2
Safe

20 18 2
18 15 3
15 14 1
14 12 2
12 10 2
10 9 1
Safe

33 35 -2
35 36 -1
36 38 -2
38 39 -1
39 42 -3
42 45 -3
45 46 -1
Safe

15 17 -2
17 19 -2
19 21 -2
21 24 -3
24 25 -1
25 26 -1
26 27 -1
Safe

85 87 -2
87 88 -1
88 90 -2
90 91 -1
91 92 -1
Safe

61 58 3
58 57 1
57 54 3
54 51 3
51 48 3
48 46 2
46 45 1
Safe

47 48 -1
48 49 -1
49 52 -3
52 54 -2
Safe

29 27 2
27 24 3
24 23 1
23 20 3
20 19 1
19 18 1
18 16 2
Safe

22 20 2
20 18 2
18 17 1
17 16 1
16 15 1
15 14 1
14 12 2
Safe

65 66 -1
66 67 -1
67 69 -2
69 71 -2
71 74 -3
74 76 -2
76 77 -1
Safe

19 18 1
18 15 3
15 13 2
13 12 1
12 9 3
9 6 3
Safe

25 22 3
22 19 3
19 17 2
17 15 2
15 14 1
14 12 2
12 9 3
Safe

20 23 -3
23 24 -1
24 26 -2
26 29 -3
Safe

35 36 -1
36 39 -3
39 41 -2
41 43 -2
43 45 -2
Safe

34 32 2
32 29 3
29 28 1
28 26 2
Safe

15 18 -3
18 19 -1
19 20 -1
20 21 -1
21 22 -1
22 23 -1
Safe

43 46 -3
46 48 -2
48 49 -1
49 51 -2
Safe

84 82 2
82 81 1
81 79 2
79 77 2
Safe

47 49 -2
49 50 -1
50 53 -3
53 56 -3
56 59 -3
Safe

22 19 3
19 18 1
18 17 1
17 14 3
14 12 2
12 11 1
11 8 3
Safe

84 82 2
82 79 3
79 76 3
76 73 3
73 70 3
70 68 2
Safe

51 48 3
48 46 2
46 43 3
43 41 2
41 39 2
39 37 2
37 36 1
Safe

19 21 -2
21 23 -2
23 24 -1
24 27 -3
27 28 -1
28 31 -3
Safe

60 58 2
58 55 3
55 54 1
54 51 3
51 49 2
Safe

76 73 3
73 71 2
71 70 1
70 68 2
68 67 1
Safe

18 15 3
15 13 2
13 11 2
11 10 1
10 7 3
7 5 2
5 3 2
Safe

97 95 2
95 93 2
93 92 1
92 90 2
Safe

46 47 -1
47 49 -2
49 52 -3
52 55 -3
Safe

92 90 2
90 87 3
87 86 1
86 85 1
85 82 3
Safe

80 81 -1
81 83 -2
83 84 -1
84 86 -2
86 88 -2
88 90 -2
90 92 -2
Safe

28 31 -3
31 33 -2
33 34 -1
34 36 -2
36 39 -3
Safe

44 47 -3
47 50 -3
50 52 -2
52 55 -3
55 57 -2
57 60 -3
Safe

14 15 -1
15 16 -1
16 17 -1
17 20 -3
Safe

99 97 2
97 96 1
96 93 3
93 90 3
Safe

48 51 -3
51 53 -2
53 54 -1
54 56 -2
56 57 -1
57 58 -1
58 61 -3
Safe

86 87 -1
87 90 -3
90 91 -1
91 94 -3
94 97 -3
Safe

81 80 1
80 79 1
79 78 1
78 77 1
77 74 3
Safe

62 63 -1
63 66 -3
66 68 -2
68 69 -1
69 72 -3
72 75 -3
Safe

95 94 1
94 91 3
91 88 3
88 85 3
85 82 3
Safe

40 39 1
39 37 2
37 36 1
36 33 3
33 31 2
Safe

36 38 -2
38 40 -2
40 42 -2
42 45 -3
Safe

71 69 2
69 66 3
66 63 3
63 60 3
60 59 1
Safe

69 70 -1
70 71 -1
71 73 -2
73 76 -3
Safe

71 74 -3
74 75 -1
75 76 -1
76 79 -3
79 80 -1
80 82 -2
82 85 -3
Safe

77 78 -1
78 81 -3
81 82 -1
82 83 -1
83 85 -2
85 87 -2
Safe

14 11 3
11 9 2
9 6 3
6 5 1
5 2 3
Safe

38 36 2
36 35 1
35 34 1
34 31 3
31 30 1
Safe

71 69 2
69 66 3
66 63 3
63 60 3
Safe

77 78 -1
78 79 -1
79 81 -2
81 82 -1
Safe

23 22 1
22 19 3
19 16 3
16 14 2
14 11 3
11 10 1
10 8 2
Safe

75 77 -2
77 80 -3
80 83 -3
83 84 -1
84 87 -3
87 88 -1
Safe

64 65 -1
65 67 -2
67 69 -2
69 71 -2
71 74 -3
74 75 -1
75 77 -2
Safe

88 87 1
87 86 1
86 84 2
84 81 3
81 80 1
80 77 3
77 75 2
Safe

48 47 1
47 44 3
44 41 3
41 40 1
Safe

75 77 -2
77 80 -3
80 83 -3
83 86 -3
86 87 -1
87 88 -1
88 90 -2
Safe

34 35 -1
35 38 -3
38 39 -1
39 41 -2
Safe

81 80 1
80 78 2
78 75 3
75 72 3
72 69 3
Safe

62 61 1
61 60 1
60 58 2
58 56 2
Safe

25 27 -2
27 28 -1
28 30 -2
30 31 -1
Safe

50 47 3
47 45 2
45 43 2
43 42 1
42 39 3
Safe

10 12 -2
12 15 -3
15 16 -1
16 17 -1
17 19 -2
19 22 -3
22 24 -2
Safe

50 51 -1
51 52 -1
52 54 -2
54 56 -2
56 57 -1
57 59 -2
Safe

44 41 3
41 40 1
40 37 3
37 36 1
36 34 2
34 32 2
Safe

76 73 3
73 70 3
70 67 3
67 66 1
66 64 2
64 63 1
Safe

91 88 3
88 85 3
85 82 3
82 79 3
79 76 3
76 75 1
75 74 1
Safe

81 82 -1
82 84 -2
84 86 -2
86 88 -2
88 91 -3
91 92 -1
Safe

17 14 3
14 12 2
12 9 3
9 8 1
8 7 1
7 5 2
Safe

24 23 1
23 21 2
21 19 2
19 16 3
16 13 3
13 10 3
Safe

78 76 2
76 74 2
74 71 3
71 69 2
69 66 3
Safe

61 63 -2
63 66 -3
66 68 -2
68 71 -3
71 72 -1
72 73 -1
73 75 -2
Safe

93 91 2
91 89 2
89 88 1
88 87 1
87 84 3
Safe

23 25 -2
25 27 -2
27 30 -3
30 31 -1
31 33 -2
33 36 -3
36 38 -2
Safe

35 36 -1
36 37 -1
37 40 -3
40 41 -1
41 43 -2
43 44 -1
44 47 -3
Safe

81 84 -3
84 85 -1
85 86 -1
86 89 -3
89 91 -2
91 93 -2
93 95 -2
Safe

89 92 -3
92 93 -1
93 94 -1
94 95 -1
Safe

37 38 -1
38 39 -1
39 42 -3
42 45 -3
45 46 -1
46 48 -2
48 51 -3
Safe

38 35 3
35 33 2
33 31 2
31 28 3
28 25 3
25 24 1
24 23 1
Safe

38 36 2
36 34 2
34 32 2
32 31 1
31 30 1
30 28 2
Safe

2 4 -2
4 5 -1
5 7 -2
7 10 -3
10 13 -3
13 15 -2
15 17 -2
Safe

23 26 -3
26 29 -3
29 32 -3
32 34 -2
34 35 -1
Safe

18 17 1
17 15 2
15 13 2
13 12 1
12 10 2
10 7 3
Safe

51 48 3
48 45 3
45 42 3
42 40 2
Safe

15 16 -1
16 19 -3
19 20 -1
20 23 -3
23 26 -3
26 27 -1
Safe

Safe reports: 325